 Searching   5  2  4 near    752.57462
  4  1  4   738.63316 71.3   753.89328    5  1  4   729.54138 73.6   753.89392
                                          6  3  4   705.09460 69.3   753.89400

 Searching   6  2  5 near    760.92732
  5  1  5   740.49556 83.3   762.28494    6  1  5   729.11342 39.6   762.28623
                                          7  3  5   703.62533 66.4   762.28575

 Searching   7  2  6 near    770.64622
  6  1  6   742.44732 72.0   772.04893    7  1  6   728.63710 38.9   772.04910
                                          8  3  6   702.11021 63.1   772.04767
                                          
 Searching   8  2  7 near    781.71981
  7  1  7   744.48510 73.3   783.17230    8  1  7   728.12988 60.2   783.17167
                                          9  3  7   700.54317 66.1   783.17147

 Searching   9  2  8 near    794.13543  1.507    
 8  1  8   746.60520 71.5   795.64219     9  1  8   727.61442 53.6   795.64241 
                                         10  3  8   698.91416 73.2   795.64240

 Searching  10  2  9 near    807.87964  1.565   
  9  1  9   748.80206 73.7   809.44471   10  1  9   727.11298 46.5   809.44492 
                                         11  3  9   697.21508 66.0   809.44518

 Searching  11  2 10 near    822.93858  1.628
 10  1 10   751.06998 79.6   824.56704   11  1 10   726.65462 55.0   824.56851
                                         12  3 10   695.44371 77.4   824.56798 

 Searching  12  2 11 near    839.29848  1.697
 11  1 11   753.40125 74.0   840.99560   12  1 11   726.25982 54.3   840.99780 --
                                         13  3 11   693.59600 76.0   840.99505
  
 Searching  13  2 12 near    856.94615
 12  1 12   755.78261 76.4   858.71252   13  1 12   725.93545 38.2   858.71231
                                         14  3 12   691.67365 74.2   858.71464
                                         
 Searching  14  2 13 near    875.86936
 13  1 13   758.21190 84.7   877.71213   14  1 13   725.69772 26.6   877.71187
                                         15  3 13   689.67733 50.2   877.71270

 Searching  15  2 14 near    896.05721
 14  1 14   760.67502 84.4   897.97774   15  1 14   725.53508 45.1   897.97859
                                         16  3 14   687.61024 78.3   897.97695

 Searching  16  2 15 near    917.50036
 15  1 15   763.16544 82.9   919.50095   16  1 15   725.43451 40.3   919.50026
                                         17  3 15   685.48244 79.6   919.50172
